Матрица X

	1	30	1500	900	45000	2250000	27000	1350000	67500000	3375000000
	1	40	1500	1600	60000	2250000	64000	2400000	90000000	3375000000
	1	50	1500	2500	75000	2250000	125000	3750000	112500000	3375000000
	1	60	1500	3600	90000	2250000	216000	5400000	135000000	3375000000
	1	70	1500	4900	105000	2250000	343000	7350000	157500000	3375000000
	1	30	2000	900	60000	4000000	27000	1800000	120000000	8000000000
	1	40	2000	1600	80000	4000000	64000	3200000	160000000	8000000000
	1	50	2000	2500	100000	4000000	125000	5000000	200000000	8000000000
	1	60	2000	3600	120000	4000000	216000	7200000	240000000	8000000000
	1	70	2000	4900	140000	4000000	343000	9800000	280000000	8000000000
	1	30	2500	900	75000	6250000	27000	2250000	187500000	15625000000
	1	40	2500	1600	100000	6250000	64000	4000000	250000000	15625000000
	1	50	2500	2500	125000	6250000	125000	6250000	312500000	15625000000
	1	60	2500	3600	150000	6250000	216000	9000000	375000000	15625000000
	1	70	2500	4900	175000	6250000	343000	12250000	437500000	15625000000
	1	30	3000	900	90000	9000000	27000	2700000	270000000	27000000000
	1	40	3000	1600	120000	9000000	64000	4800000	360000000	27000000000
	1	50	3000	2500	150000	9000000	125000	7500000	450000000	27000000000
	1	60	3000	3600	180000	9000000	216000	10800000	540000000	27000000000
	1	70	3000	4900	210000	9000000	343000	14700000	630000000	27000000000

Транспонированная матрица X

	1	1	1	1	1	1	1	1	1	1	1	1	1	1	1	1	1	1	1	1
	30	40	50	60	70	30	40	50	60	70	30	40	50	60	70	30	40	50	60	70
	1500	1500	1500	1500	1500	2000	2000	2000	2000	2000	2500	2500	2500	2500	2500	3000	3000	3000	3000	3000
	900	1600	2500	3600	4900	900	1600	2500	3600	4900	900	1600	2500	3600	4900	900	1600	2500	3600	4900
	45000	60000	75000	90000	105000	60000	80000	100000	120000	140000	75000	100000	125000	150000	175000	90000	120000	150000	180000	210000
	2250000	2250000	2250000	2250000	2250000	4000000	4000000	4000000	4000000	4000000	6250000	6250000	6250000	6250000	6250000	9000000	9000000	9000000	9000000	9000000
	27000	64000	125000	216000	343000	27000	64000	125000	216000	343000	27000	64000	125000	216000	343000	27000	64000	125000	216000	343000
	1350000	2400000	3750000	5400000	7350000	1800000	3200000	5000000	7200000	9800000	2250000	4000000	6250000	9000000	12250000	2700000	4800000	7500000	10800000	14700000
	67500000	90000000	112500000	135000000	157500000	120000000	160000000	200000000	240000000	280000000	187500000	250000000	312500000	375000000	437500000	270000000	360000000	450000000	540000000	630000000
	3375000000	3375000000	3375000000	3375000000	3375000000	8000000000	8000000000	8000000000	8000000000	8000000000	15625000000	15625000000	15625000000	15625000000	15625000000	27000000000	27000000000	27000000000	27000000000	27000000000

Матрица Xt * X

	20	1000	45000	54000	2250000	107500000	3100000	121500000	5375000000	270000000000
	1000	54000	2250000	3100000	121500000	5375000000	186360000	6975000000	290250000000	13500000000000
	45000	2250000	107500000	121500000	5375000000	270000000000	6975000000	290250000000	13500000000000	705625000000000
	54000	3100000	121500000	186360000	6975000000	290250000000	11590000000	419310000000	16662500000000	729000000000000
	2250000	121500000	5375000000	6975000000	290250000000	13500000000000	419310000000	16662500000000	729000000000000	3,528125E+16
	107500000	5375000000	270000000000	290250000000	13500000000000	705625000000000	16662500000000	729000000000000	3,528125E+16	1,90125E+18
	3100000	186360000	6975000000	11590000000	419310000000	16662500000000	739020000000	26077500000000	1,001685E+15	4,185E+16
	121500000	6975000000	290250000000	419310000000	16662500000000	729000000000000	26077500000000	1,001685E+15	4,185E+16	1,9051875E+18
	5375000000	290250000000	13500000000000	16662500000000	729000000000000	3,528125E+16	1,001685E+15	4,185E+16	1,9051875E+18	9,50625E+19
	270000000000	13500000000000	705625000000000	729000000000000	3,528125E+16	1,90125E+18	4,185E+16	1,9051875E+18	9,50625E+19	5,24265625E+21

Матрица inv(Xt * X)

	1365,55357142494	-25,2167857143118	-1,37206428570887	0,351892857145348	0,00732214285706043	0,000542699999998483	-0,00187500000002305	-2,95714285710005E-05	-9,49999999991418E-07	-7,27999999998453E-08
	-25,2167857144876	1,29172063492534	0,00732214285732742	-0,0217172619048288	-0,000215871428572768	-9,50000000070217E-07	0,000124305555555898	1,28571428572121E-06	1,90000000001463E-08	9,37784217205981E-21
	-1,37206428570501	0,00732214285707888	0,001782506349195	-2,95714285735391E-05	-5,40428571413959E-06	-7,52999999996483E-07	2,55028476659049E-17	1,31428571420973E-08	8,9999999998467E-10	1,04355555555156E-10
	0,351892857149039	-0,0217172619048596	-2,95714285780885E-05	0,000421339285715599	1,28571428574538E-06	2,71364165706068E-18	-2,60416666667316E-06	-1,2857142857293E-08	-3,60238865960154E-21	-3,75570386078306E-22
	0,00732214285705705	-0,000215871428571444	-5,40428571416355E-06	1,28571428571807E-06	1,38942857142707E-07	8,99999999945862E-10	-3,03497503634433E-20	-5,71428571428247E-10	-1,79999999999747E-11	7,79105398617173E-24
	0,000542699999996748	-9,49999999970864E-07	-7,52999999996214E-07	9,26406200728898E-19	8,99999999934976E-10	3,34799999999012E-10	-1,13405542673169E-20	3,43413216943465E-22	-1,99999999993289E-13	-4,79999999999065E-14
	-0,00187500000004585	0,000124305555556191	5,13693117192169E-17	-2,60416666667527E-06	-1,99843723138099E-19	-2,13576833604812E-20	1,73611111111544E-08	9,28204393683888E-22	2,3925771975576E-23	2,98564742256548E-24
	-2,95714285711021E-05	1,28571428571522E-06	1,3142857142371E-08	-1,28571428571525E-08	-5,71428571428969E-10	2,26462264120373E-22	-9,25598891014788E-25	5,71428571429016E-12	-6,66173494193223E-27	-3,33240155877227E-26
	-9,49999999988326E-07	1,89999999999831E-08	8,99999999983844E-10	-6,2610421860043E-22	-1,7999999999958E-11	-1,99999999993086E-13	6,76498787520812E-24	-1,70679249219845E-25	3,99999999999458E-15	-9,78929377469632E-28
	-7,27999999996086E-08	-4,14581298826603E-21	1,04355555555119E-10	-1,32501125335536E-22	9,27722845324261E-24	-4,79999999999065E-14	1,62595631403074E-24	-4,93925924333883E-26	-9,49084173215673E-28	7,1111111111047E-18

Матрица inv(Xt * X) * Xt

	17,8571428570303	0,0464285713524646	-1,25714285710876	2,69642857150751	0,657142857064002	-8,49999999993668	-16,6750000000127	-11,2999999999719	-3,62499999995316	-4,90000000009468	3,84285714293105	0,553571428500391	7,85714285708673	14,5035714285495	9,24285714275334	0,285714285748327	-2,86785714299435	1,61428571417969	2,48214285713107	-11,5142857142775
	-0,50473809524032	0,349119047620154	0,228571428572793	-0,120547619047057	0,0475952380959885	-0,168166666665416	0,388833333336202	0,100000000002102	-0,288833333332365	-0,0318333333318116	-0,0215952380952935	0,333547619048202	-0,0285714285718985	-0,362119047620246	0,0787380952385461	-0,0650238095229058	0,183261904763191	-0,157142857142185	-0,340404761903686	0,379309523814076
	-0,0120047619045541	-0,00649761904753554	-0,0029619047619836	-0,0013976190477456	-0,00180476190466761	0,016242857142743	0,0150785714285298	0,0132571428570587	0,0107785714284845	0,00764285714295943	-0,00544285714296322	-0,00877857142848582	-0,011457142857056	-0,0134785714285199	-0,0148428571427237	0,00120476190469443	0,000197619047785036	0,00116190476204059	0,00409761904761075	0,00900476190464916
	0,00541071428577466	-0,00739285714286652	-0,00228571428573167	0,00510714285714042	-0,000839285714289017	0,00412499999995194	-0,00675000000007804	-0,00100000000006117	0,00574999999996372	-0,00212500000004223	0,0028392857143053	-0,00610714285713134	0,000285714285749524	0,0063928571429087	-0,00341071428569166	0,00155357142855303	-0,00546428571430828	0,00157142857141853	0,00703571428569447	-0,00469642857151886
	0,000187714285713704	8,14285714229694E-06	-8,57142857146953E-05	-9,38571428574596E-05	-1,62857142861807E-05	-5,74285714275647E-05	-5,72857142848773E-05	-2,85714285706069E-05	2,87142857150651E-05	0,000114571428571966	-0,000122571428572146	-3,27142857152435E-05	2,8571428570423E-05	6,12857142846588E-05	6,54285714272999E-05	-7,71428571419449E-06	8,18571428570457E-05	8,57142857142279E-05	3,85714285716376E-06	-0,000163714285714324
	2,99999999991209E-06	2,49999999996851E-06	2,00000000004119E-06	1,50000000006194E-06	9,99999999962538E-07	-6,59999999995929E-06	-6,09999999999034E-06	-5,59999999997108E-06	-5,09999999996912E-06	-4,60000000005259E-06	4,20000000005691E-06	4,69999999997209E-06	5,19999999997172E-06	5,69999999998859E-06	6,19999999995396E-06	-5,99999999968898E-07	-1,10000000007413E-06	-1,60000000005989E-06	-2,09999999999555E-06	-2,59999999994748E-06
	-2,08333333337557E-05	4,1666666666692E-05	7,0077376027699E-17	-4,16666666666936E-05	2,0833333333329E-05	-2,08333333329623E-05	4,166666666723E-05	4,45718449070921E-16	-4,16666666663879E-05	2,08333333336562E-05	-2,08333333335318E-05	4,16666666665245E-05	-3,03378990651222E-16	-4,16666666670874E-05	2,08333333330996E-05	-2,08333333332253E-05	4,16666666668149E-05	6,33216663923861E-17	-4,16666666665514E-05	2,08333333338968E-05
	-8,57142857141665E-07	4,28571428573678E-07	8,57142857145552E-07	4,28571428573912E-07	-8,57142857141193E-07	-2,85714285718285E-07	1,42857142853646E-07	2,85714285711125E-07	1,42857142854103E-07	-2,85714285717356E-07	2,85714285718246E-07	-1,42857142853264E-07	-2,85714285710206E-07	-1,4285714285263E-07	2,85714285719495E-07	8,57142857142946E-07	-4,28571428572031E-07	-8,5714285714344E-07	-4,28571428571309E-07	8,57142857144425E-07
	-1,99999999999009E-08	-9,99999999992942E-09	2,80233281831881E-20	1,0000000000012E-08	2,00000000000629E-08	1,99999999998625E-08	9,9999999998896E-09	-1,14858991151977E-19	-1,000000000011E-08	-2,00000000000546E-08	2,00000000000649E-08	1,00000000001206E-08	1,27004380643294E-19	-9,99999999987332E-09	-1,9999999999841E-08	-2,00000000000278E-08	-9,99999999997138E-09	1,94164104667776E-20	9,99999999998607E-09	1,99999999999682E-08
	-2,66666666654443E-10	-2,6666666666256E-10	-2,66666666672959E-10	-2,66666666675904E-10	-2,6666666666162E-10	7,99999999995011E-10	7,99999999999385E-10	7,99999999996526E-10	7,99999999996196E-10	8,00000000008173E-10	-8,00000000008941E-10	-7,99999999996804E-10	-7,99999999996844E-10	-7,99999999999332E-10	-7,99999999994422E-10	2,66666666662275E-10	2,66666666677363E-10	2,66666666675404E-10	2,6666666666606E-10	2,66666666659152E-10

Матрица inv(Xt * X) * Xt * y

	-1826,66004033299
	68,4216733413623
	0,794901103145659
	-1,42243432185652
	-0,0624317598637407
	0,00146441849975337
	0,0103084583353215
	-0,000499411571401785
	2,11600700006439E-05
	-2,10019466635998E-07

Коэффициенты
	-1826,66004033299	68,4216733413623	0,794901103145659	-1,42243432185652	-0,0624317598637407	0,00146441849975337	0,0103084583353215	-0,000499411571401785	2,11600700006439E-05	-2,10019466635998E-07